0001000000000000000000000000000000000000000000000000000000000000
0000100000000000000000000000000000000000000000000000000000000000
1000000100000000000000000000000000000000000000000000000000000000
0010010000000000000000000000000000000000000000000000000000000000
0100000000000000000001000000000000000000000000000000000000000000
0000000011101111000000000000000000000000000000000000000000000000
0000000000000000000000000000000000000000000000000000000000010000
0000000000000000000000000000000000001000000000000000000000000000
0000000000000000000000000000000000000000000000000000000010000001
0000000000000000000000000000000000000000000000000000000000100100
0000000000000000000000000000000000000000000000000000000001000010
0000000000000000000000000000000000000000000000001111011100000000
0
